Generating Random Table
Building model
-------------------------------------------------------------------------------
model
-------------------------------------------------------------------------------
input1              |  (3, 256, 256)       =>   (3, 256, 256)       0         
conv1               |  (3, 256, 256)       =>   (64, 256, 256)      1792      
batchnorm1          |  (64, 256, 256)      =>   (64, 256, 256)      256       
relu1               |  (64, 256, 256)      =>   (64, 256, 256)      0         
conv2               |  (64, 256, 256)      =>   (64, 256, 256)      36928     
batchnorm2          |  (64, 256, 256)      =>   (64, 256, 256)      256       
relu2               |  (64, 256, 256)      =>   (64, 256, 256)      0         
maxpool2            |  (64, 256, 256)      =>   (64, 128, 128)      0         
conv3               |  (64, 128, 128)      =>   (128, 128, 128)     73856     
batchnorm3          |  (128, 128, 128)     =>   (128, 128, 128)     512       
relu3               |  (128, 128, 128)     =>   (128, 128, 128)     0         
conv4               |  (128, 128, 128)     =>   (128, 128, 128)     147584    
batchnorm4          |  (128, 128, 128)     =>   (128, 128, 128)     512       
relu4               |  (128, 128, 128)     =>   (128, 128, 128)     0         
maxpool4            |  (128, 128, 128)     =>   (128, 64, 64)       0         
conv5               |  (128, 64, 64)       =>   (256, 64, 64)       295168    
batchnorm5          |  (256, 64, 64)       =>   (256, 64, 64)       1024      
relu5               |  (256, 64, 64)       =>   (256, 64, 64)       0         
conv6               |  (256, 64, 64)       =>   (256, 64, 64)       590080    
batchnorm6          |  (256, 64, 64)       =>   (256, 64, 64)       1024      
relu6               |  (256, 64, 64)       =>   (256, 64, 64)       0         
maxpool6            |  (256, 64, 64)       =>   (256, 32, 32)       0         
conv7               |  (256, 32, 32)       =>   (512, 32, 32)       1180160   
batchnorm7          |  (512, 32, 32)       =>   (512, 32, 32)       2048      
relu7               |  (512, 32, 32)       =>   (512, 32, 32)       0         
conv8               |  (512, 32, 32)       =>   (512, 32, 32)       2359808   
batchnorm8          |  (512, 32, 32)       =>   (512, 32, 32)       2048      
relu8               |  (512, 32, 32)       =>   (512, 32, 32)       0         
dropout1            |  (512, 32, 32)       =>   (512, 32, 32)       0         
maxpool8            |  (512, 32, 32)       =>   (512, 16, 16)       0         
conv9               |  (512, 16, 16)       =>   (1024, 16, 16)      4719616   
batchnorm9          |  (1024, 16, 16)      =>   (1024, 16, 16)      4096      
relu9               |  (1024, 16, 16)      =>   (1024, 16, 16)      0         
conv10              |  (1024, 16, 16)      =>   (1024, 16, 16)      9438208   
batchnorm10         |  (1024, 16, 16)      =>   (1024, 16, 16)      4096      
relu10              |  (1024, 16, 16)      =>   (1024, 16, 16)      0         
dropout2            |  (1024, 16, 16)      =>   (1024, 16, 16)      0         
upsampling1         |  (1024, 16, 16)      =>   (1024, 32, 32)      0         
conv11              |  (1024, 32, 32)      =>   (512, 32, 32)       2097664   
batchnorm11         |  (512, 32, 32)       =>   (512, 32, 32)       2048      
relu11              |  (512, 32, 32)       =>   (512, 32, 32)       0         
concat1             |  (512, 32, 32)       =>   (1024, 32, 32)      0         
conv12              |  (1024, 32, 32)      =>   (512, 32, 32)       4719104   
batchnorm12         |  (512, 32, 32)       =>   (512, 32, 32)       2048      
relu12              |  (512, 32, 32)       =>   (512, 32, 32)       0         
conv13              |  (512, 32, 32)       =>   (512, 32, 32)       2359808   
batchnorm13         |  (512, 32, 32)       =>   (512, 32, 32)       2048      
relu13              |  (512, 32, 32)       =>   (512, 32, 32)       0         
upsampling2         |  (512, 32, 32)       =>   (512, 64, 64)       0         
conv14              |  (512, 64, 64)       =>   (256, 64, 64)       524544    
batchnorm14         |  (256, 64, 64)       =>   (256, 64, 64)       1024      
relu14              |  (256, 64, 64)       =>   (256, 64, 64)       0         
concat2             |  (256, 64, 64)       =>   (512, 64, 64)       0         
conv15              |  (512, 64, 64)       =>   (256, 64, 64)       1179904   
batchnorm15         |  (256, 64, 64)       =>   (256, 64, 64)       1024      
relu15              |  (256, 64, 64)       =>   (256, 64, 64)       0         
conv16              |  (256, 64, 64)       =>   (256, 64, 64)       590080    
batchnorm16         |  (256, 64, 64)       =>   (256, 64, 64)       1024      
relu16              |  (256, 64, 64)       =>   (256, 64, 64)       0         
upsampling3         |  (256, 64, 64)       =>   (256, 128, 128)     0         
conv17              |  (256, 128, 128)     =>   (128, 128, 128)     131200    
batchnorm17         |  (128, 128, 128)     =>   (128, 128, 128)     512       
relu17              |  (128, 128, 128)     =>   (128, 128, 128)     0         
concat3             |  (128, 128, 128)     =>   (256, 128, 128)     0         
conv18              |  (256, 128, 128)     =>   (128, 128, 128)     295040    
batchnorm18         |  (128, 128, 128)     =>   (128, 128, 128)     512       
relu18              |  (128, 128, 128)     =>   (128, 128, 128)     0         
conv19              |  (128, 128, 128)     =>   (128, 128, 128)     147584    
batchnorm19         |  (128, 128, 128)     =>   (128, 128, 128)     512       
relu19              |  (128, 128, 128)     =>   (128, 128, 128)     0         
upsampling4         |  (128, 128, 128)     =>   (128, 256, 256)     0         
conv20              |  (128, 256, 256)     =>   (64, 256, 256)      32832     
batchnorm20         |  (64, 256, 256)      =>   (64, 256, 256)      256       
relu20              |  (64, 256, 256)      =>   (64, 256, 256)      0         
concat4             |  (64, 256, 256)      =>   (128, 256, 256)     0         
conv21              |  (128, 256, 256)     =>   (64, 256, 256)      73792     
batchnorm21         |  (64, 256, 256)      =>   (64, 256, 256)      256       
relu21              |  (64, 256, 256)      =>   (64, 256, 256)      0         
conv22              |  (64, 256, 256)      =>   (64, 256, 256)      36928     
batchnorm22         |  (64, 256, 256)      =>   (64, 256, 256)      256       
relu22              |  (64, 256, 256)      =>   (64, 256, 256)      0         
conv23              |  (64, 256, 256)      =>   (2, 256, 256)       1154      
batchnorm23         |  (2, 256, 256)       =>   (2, 256, 256)       8         
relu23              |  (2, 256, 256)       =>   (2, 256, 256)       0         
conv24              |  (2, 256, 256)       =>   (1, 256, 256)       3         
batchnorm24         |  (1, 256, 256)       =>   (1, 256, 256)       4         
sigmoid24           |  (1, 256, 256)       =>   (1, 256, 256)       0         
-------------------------------------------------------------------------------
Params: 31060241

