(pyeddl_cpu) francisco@frblazquezm-PC:~/Documents/Universidad/5_Carrera/TFG_Computer_Science/11226/double_unet$ python3 double_unet.py 
Generating Random Table
CS with full memory setup
Building model
-------------------------------------------------------------------------------
model
-------------------------------------------------------------------------------
input1             |  (3, 256, 256)       =>   (3, 256, 256)       0         
conv2d1            |  (3, 256, 256)       =>   (64, 256, 256)      1792      
batchnorm1         |  (64, 256, 256)      =>   (64, 256, 256)      256       
relu1              |  (64, 256, 256)      =>   (64, 256, 256)      0         
conv2d2            |  (64, 256, 256)      =>   (64, 256, 256)      36928     
batchnorm2         |  (64, 256, 256)      =>   (64, 256, 256)      256       
vgg19_block_1      |  (64, 256, 256)      =>   (64, 256, 256)      0         
maxpool2d2         |  (64, 256, 256)      =>   (64, 128, 128)      0         
conv2d3            |  (64, 128, 128)      =>   (128, 128, 128)     73856     
batchnorm3         |  (128, 128, 128)     =>   (128, 128, 128)     512       
relu2              |  (128, 128, 128)     =>   (128, 128, 128)     0         
conv2d4            |  (128, 128, 128)     =>   (128, 128, 128)     147584    
batchnorm4         |  (128, 128, 128)     =>   (128, 128, 128)     512       
vgg19_block_2      |  (128, 128, 128)     =>   (128, 128, 128)     0         
maxpool2d4         |  (128, 128, 128)     =>   (128, 64, 64)       0         
conv2d5            |  (128, 64, 64)       =>   (256, 64, 64)       295168    
batchnorm5         |  (256, 64, 64)       =>   (256, 64, 64)       1024      
relu3              |  (256, 64, 64)       =>   (256, 64, 64)       0         
conv2d6            |  (256, 64, 64)       =>   (256, 64, 64)       590080    
batchnorm6         |  (256, 64, 64)       =>   (256, 64, 64)       1024      
relu4              |  (256, 64, 64)       =>   (256, 64, 64)       0         
conv2d7            |  (256, 64, 64)       =>   (256, 64, 64)       590080    
batchnorm7         |  (256, 64, 64)       =>   (256, 64, 64)       1024      
relu5              |  (256, 64, 64)       =>   (256, 64, 64)       0         
conv2d8            |  (256, 64, 64)       =>   (256, 64, 64)       590080    
batchnorm8         |  (256, 64, 64)       =>   (256, 64, 64)       1024      
vgg19_block_3      |  (256, 64, 64)       =>   (256, 64, 64)       0         
maxpool2d6         |  (256, 64, 64)       =>   (256, 32, 32)       0         
conv2d9            |  (256, 32, 32)       =>   (512, 32, 32)       1180160   
batchnorm9         |  (512, 32, 32)       =>   (512, 32, 32)       2048      
relu6              |  (512, 32, 32)       =>   (512, 32, 32)       0         
conv2d10           |  (512, 32, 32)       =>   (512, 32, 32)       2359808   
batchnorm10        |  (512, 32, 32)       =>   (512, 32, 32)       2048      
relu7              |  (512, 32, 32)       =>   (512, 32, 32)       0         
conv2d11           |  (512, 32, 32)       =>   (512, 32, 32)       2359808   
batchnorm11        |  (512, 32, 32)       =>   (512, 32, 32)       2048      
relu8              |  (512, 32, 32)       =>   (512, 32, 32)       0         
conv2d12           |  (512, 32, 32)       =>   (512, 32, 32)       2359808   
batchnorm12        |  (512, 32, 32)       =>   (512, 32, 32)       2048      
vgg19_block_4      |  (512, 32, 32)       =>   (512, 32, 32)       0         
maxpool2d8         |  (512, 32, 32)       =>   (512, 16, 16)       0         
conv2d13           |  (512, 16, 16)       =>   (512, 16, 16)       2359808   
batchnorm13        |  (512, 16, 16)       =>   (512, 16, 16)       2048      
relu9              |  (512, 16, 16)       =>   (512, 16, 16)       0         
conv2d14           |  (512, 16, 16)       =>   (512, 16, 16)       2359808   
batchnorm14        |  (512, 16, 16)       =>   (512, 16, 16)       2048      
relu10             |  (512, 16, 16)       =>   (512, 16, 16)       0         
conv2d15           |  (512, 16, 16)       =>   (512, 16, 16)       2359808   
batchnorm15        |  (512, 16, 16)       =>   (512, 16, 16)       2048      
relu11             |  (512, 16, 16)       =>   (512, 16, 16)       0         
conv2d16           |  (512, 16, 16)       =>   (512, 16, 16)       2359808   
batchnorm16        |  (512, 16, 16)       =>   (512, 16, 16)       2048      
vgg19_block_5      |  (512, 16, 16)       =>   (512, 16, 16)       0         
maxpool2d10        |  (512, 16, 16)       =>   (512, 8, 8)         0         
avgpool12          |  (512, 16, 16)       =>   (512, 1, 1)         0         
conv2d17           |  (512, 1, 1)         =>   (64, 1, 1)          32832     
batchnorm17        |  (64, 1, 1)          =>   (64, 1, 1)          256       
relu12             |  (64, 1, 1)          =>   (64, 1, 1)          0         
upsampling1        |  (64, 1, 1)          =>   (64, 16, 16)        0         
conv2d18           |  (512, 16, 16)       =>   (64, 16, 16)        32832     
batchnorm18        |  (64, 16, 16)        =>   (64, 16, 16)        256       
relu13             |  (64, 16, 16)        =>   (64, 16, 16)        0         
conv2d19           |  (512, 16, 16)       =>   (64, 16, 16)        294976    
batchnorm19        |  (64, 16, 16)        =>   (64, 16, 16)        256       
relu14             |  (64, 16, 16)        =>   (64, 16, 16)        0         
conv2d20           |  (512, 16, 16)       =>   (64, 16, 16)        294976    
batchnorm20        |  (64, 16, 16)        =>   (64, 16, 16)        256       
relu15             |  (64, 16, 16)        =>   (64, 16, 16)        0         
conv2d21           |  (512, 16, 16)       =>   (64, 16, 16)        294976    
batchnorm21        |  (64, 16, 16)        =>   (64, 16, 16)        256       
relu16             |  (64, 16, 16)        =>   (64, 16, 16)        0         
concat1            |  (64, 16, 16)        =>   (320, 16, 16)       0         
conv2d22           |  (512, 16, 16)       =>   (64, 16, 16)        32832     
batchnorm22        |  (64, 16, 16)        =>   (64, 16, 16)        256       
relu17             |  (64, 16, 16)        =>   (64, 16, 16)        0         
upsampling2        |  (64, 16, 16)        =>   (64, 32, 32)        0         
concat2            |  (64, 32, 32)        =>   (576, 32, 32)       0         
conv2d23           |  (576, 32, 32)       =>   (256, 32, 32)       1327360   
batchnorm23        |  (256, 32, 32)       =>   (256, 32, 32)       1024      
relu18             |  (256, 32, 32)       =>   (256, 32, 32)       0         
conv2d24           |  (256, 32, 32)       =>   (256, 32, 32)       590080    
batchnorm24        |  (256, 32, 32)       =>   (256, 32, 32)       1024      
relu19             |  (256, 32, 32)       =>   (256, 32, 32)       0         
GlobalAveragePool2D|  (256, 32, 32)       =>   (256, 1, 1)         0         
reshape1           |  (256, 1, 1)         =>   (256)               0         
dense1             |  (256)               =>   (32)                8192      
relu20             |  (32)                =>   (32)                0         
dense2             |  (32)                =>   (256)               8192      
sigmoid21          |  (256)               =>   (256)               0         
reshape2           |  (256)               =>   (256, 1, 1)         0         
concat3            |  (256, 1, 1)         =>   (256, 2, 1)         0         
concat4            |  (256, 2, 1)         =>   (256, 2, 2)         0         
concat5            |  (256, 2, 2)         =>   (256, 4, 2)         0         
concat6            |  (256, 4, 2)         =>   (256, 4, 4)         0         
concat7            |  (256, 4, 4)         =>   (256, 8, 4)         0         
concat8            |  (256, 8, 4)         =>   (256, 8, 8)         0         
concat9            |  (256, 8, 8)         =>   (256, 16, 8)        0         
concat10           |  (256, 16, 8)        =>   (256, 16, 16)       0         
concat11           |  (256, 16, 16)       =>   (256, 32, 16)       0         
concat12           |  (256, 32, 16)       =>   (256, 32, 32)       0         
mult_1             |  (256, 32, 32)       =>   (256, 32, 32)       0         
upsampling3        |  (256, 32, 32)       =>   (256, 64, 64)       0         
concat13           |  (256, 64, 64)       =>   (512, 64, 64)       0         
conv2d25           |  (512, 64, 64)       =>   (128, 64, 64)       589952    
batchnorm25        |  (128, 64, 64)       =>   (128, 64, 64)       512       
relu22             |  (128, 64, 64)       =>   (128, 64, 64)       0         
conv2d26           |  (128, 64, 64)       =>   (128, 64, 64)       147584    
batchnorm26        |  (128, 64, 64)       =>   (128, 64, 64)       512       
relu23             |  (128, 64, 64)       =>   (128, 64, 64)       0         
GlobalAveragePool2D|  (128, 64, 64)       =>   (128, 1, 1)         0         
reshape3           |  (128, 1, 1)         =>   (128)               0         
dense3             |  (128)               =>   (16)                2048      
relu24             |  (16)                =>   (16)                0         
dense4             |  (16)                =>   (128)               2048      
sigmoid25          |  (128)               =>   (128)               0         
reshape4           |  (128)               =>   (128, 1, 1)         0         
concat14           |  (128, 1, 1)         =>   (128, 2, 1)         0         
concat15           |  (128, 2, 1)         =>   (128, 2, 2)         0         
concat16           |  (128, 2, 2)         =>   (128, 4, 2)         0         
concat17           |  (128, 4, 2)         =>   (128, 4, 4)         0         
concat18           |  (128, 4, 4)         =>   (128, 8, 4)         0         
concat19           |  (128, 8, 4)         =>   (128, 8, 8)         0         
concat20           |  (128, 8, 8)         =>   (128, 16, 8)        0         
concat21           |  (128, 16, 8)        =>   (128, 16, 16)       0         
concat22           |  (128, 16, 16)       =>   (128, 32, 16)       0         
concat23           |  (128, 32, 16)       =>   (128, 32, 32)       0         
concat24           |  (128, 32, 32)       =>   (128, 64, 32)       0         
concat25           |  (128, 64, 32)       =>   (128, 64, 64)       0         
mult_2             |  (128, 64, 64)       =>   (128, 64, 64)       0         
upsampling4        |  (128, 64, 64)       =>   (128, 128, 128)     0         
concat26           |  (128, 128, 128)     =>   (256, 128, 128)     0         
conv2d27           |  (256, 128, 128)     =>   (64, 128, 128)      147520    
batchnorm27        |  (64, 128, 128)      =>   (64, 128, 128)      256       
relu26             |  (64, 128, 128)      =>   (64, 128, 128)      0         
conv2d28           |  (64, 128, 128)      =>   (64, 128, 128)      36928     
batchnorm28        |  (64, 128, 128)      =>   (64, 128, 128)      256       
relu27             |  (64, 128, 128)      =>   (64, 128, 128)      0         
GlobalAveragePool2D|  (64, 128, 128)      =>   (64, 1, 1)          0         
reshape5           |  (64, 1, 1)          =>   (64)                0         
dense5             |  (64)                =>   (8)                 512       
relu28             |  (8)                 =>   (8)                 0         
dense6             |  (8)                 =>   (64)                512       
sigmoid29          |  (64)                =>   (64)                0         
reshape6           |  (64)                =>   (64, 1, 1)          0         
concat27           |  (64, 1, 1)          =>   (64, 2, 1)          0         
concat28           |  (64, 2, 1)          =>   (64, 2, 2)          0         
concat29           |  (64, 2, 2)          =>   (64, 4, 2)          0         
concat30           |  (64, 4, 2)          =>   (64, 4, 4)          0         
concat31           |  (64, 4, 4)          =>   (64, 8, 4)          0         
concat32           |  (64, 8, 4)          =>   (64, 8, 8)          0         
concat33           |  (64, 8, 8)          =>   (64, 16, 8)         0         
concat34           |  (64, 16, 8)         =>   (64, 16, 16)        0         
concat35           |  (64, 16, 16)        =>   (64, 32, 16)        0         
concat36           |  (64, 32, 16)        =>   (64, 32, 32)        0         
concat37           |  (64, 32, 32)        =>   (64, 64, 32)        0         
concat38           |  (64, 64, 32)        =>   (64, 64, 64)        0         
concat39           |  (64, 64, 64)        =>   (64, 128, 64)       0         
concat40           |  (64, 128, 64)       =>   (64, 128, 128)      0         
mult_3             |  (64, 128, 128)      =>   (64, 128, 128)      0         
upsampling5        |  (64, 128, 128)      =>   (64, 256, 256)      0         
concat41           |  (64, 256, 256)      =>   (128, 256, 256)     0         
conv2d29           |  (128, 256, 256)     =>   (32, 256, 256)      36896     
batchnorm29        |  (32, 256, 256)      =>   (32, 256, 256)      128       
relu30             |  (32, 256, 256)      =>   (32, 256, 256)      0         
conv2d30           |  (32, 256, 256)      =>   (32, 256, 256)      9248      
batchnorm30        |  (32, 256, 256)      =>   (32, 256, 256)      128       
relu31             |  (32, 256, 256)      =>   (32, 256, 256)      0         
GlobalAveragePool2D|  (32, 256, 256)      =>   (32, 1, 1)          0         
reshape7           |  (32, 1, 1)          =>   (32)                0         
dense7             |  (32)                =>   (4)                 128       
relu32             |  (4)                 =>   (4)                 0         
dense8             |  (4)                 =>   (32)                128       
sigmoid33          |  (32)                =>   (32)                0         
reshape8           |  (32)                =>   (32, 1, 1)          0         
concat42           |  (32, 1, 1)          =>   (32, 2, 1)          0         
concat43           |  (32, 2, 1)          =>   (32, 2, 2)          0         
concat44           |  (32, 2, 2)          =>   (32, 4, 2)          0         
concat45           |  (32, 4, 2)          =>   (32, 4, 4)          0         
concat46           |  (32, 4, 4)          =>   (32, 8, 4)          0         
concat47           |  (32, 8, 4)          =>   (32, 8, 8)          0         
concat48           |  (32, 8, 8)          =>   (32, 16, 8)         0         
concat49           |  (32, 16, 8)         =>   (32, 16, 16)        0         
concat50           |  (32, 16, 16)        =>   (32, 32, 16)        0         
concat51           |  (32, 32, 16)        =>   (32, 32, 32)        0         
concat52           |  (32, 32, 32)        =>   (32, 64, 32)        0         
concat53           |  (32, 64, 32)        =>   (32, 64, 64)        0         
concat54           |  (32, 64, 64)        =>   (32, 128, 64)       0         
concat55           |  (32, 128, 64)       =>   (32, 128, 128)      0         
concat56           |  (32, 128, 128)      =>   (32, 256, 128)      0         
concat57           |  (32, 256, 128)      =>   (32, 256, 256)      0         
mult_4             |  (32, 256, 256)      =>   (32, 256, 256)      0         
conv2d31           |  (32, 256, 256)      =>   (1, 256, 256)       33        
sigmoid34          |  (1, 256, 256)       =>   (1, 256, 256)       0         
mult_5             |  (3, 256, 256)       =>   (3, 256, 256)       0         
conv2d32           |  (3, 256, 256)       =>   (32, 256, 256)      896       
batchnorm31        |  (32, 256, 256)      =>   (32, 256, 256)      128       
relu35             |  (32, 256, 256)      =>   (32, 256, 256)      0         
conv2d33           |  (32, 256, 256)      =>   (32, 256, 256)      9248      
batchnorm32        |  (32, 256, 256)      =>   (32, 256, 256)      128       
relu36             |  (32, 256, 256)      =>   (32, 256, 256)      0         
GlobalAveragePool2D|  (32, 256, 256)      =>   (32, 1, 1)          0         
reshape9           |  (32, 1, 1)          =>   (32)                0         
dense9             |  (32)                =>   (4)                 128       
relu37             |  (4)                 =>   (4)                 0         
dense10            |  (4)                 =>   (32)                128       
sigmoid38          |  (32)                =>   (32)                0         
reshape10          |  (32)                =>   (32, 1, 1)          0         
concat58           |  (32, 1, 1)          =>   (32, 2, 1)          0         
concat59           |  (32, 2, 1)          =>   (32, 2, 2)          0         
concat60           |  (32, 2, 2)          =>   (32, 4, 2)          0         
concat61           |  (32, 4, 2)          =>   (32, 4, 4)          0         
concat62           |  (32, 4, 4)          =>   (32, 8, 4)          0         
concat63           |  (32, 8, 4)          =>   (32, 8, 8)          0         
concat64           |  (32, 8, 8)          =>   (32, 16, 8)         0         
concat65           |  (32, 16, 8)         =>   (32, 16, 16)        0         
concat66           |  (32, 16, 16)        =>   (32, 32, 16)        0         
concat67           |  (32, 32, 16)        =>   (32, 32, 32)        0         
concat68           |  (32, 32, 32)        =>   (32, 64, 32)        0         
concat69           |  (32, 64, 32)        =>   (32, 64, 64)        0         
concat70           |  (32, 64, 64)        =>   (32, 128, 64)       0         
concat71           |  (32, 128, 64)       =>   (32, 128, 128)      0         
concat72           |  (32, 128, 128)      =>   (32, 256, 128)      0         
concat73           |  (32, 256, 128)      =>   (32, 256, 256)      0         
mult_6             |  (32, 256, 256)      =>   (32, 256, 256)      0         
maxpool2d14        |  (32, 256, 256)      =>   (32, 128, 128)      0         
conv2d34           |  (32, 128, 128)      =>   (64, 128, 128)      18496     
batchnorm33        |  (64, 128, 128)      =>   (64, 128, 128)      256       
relu39             |  (64, 128, 128)      =>   (64, 128, 128)      0         
conv2d35           |  (64, 128, 128)      =>   (64, 128, 128)      36928     
batchnorm34        |  (64, 128, 128)      =>   (64, 128, 128)      256       
relu40             |  (64, 128, 128)      =>   (64, 128, 128)      0         
GlobalAveragePool2D|  (64, 128, 128)      =>   (64, 1, 1)          0         
reshape11          |  (64, 1, 1)          =>   (64)                0         
dense11            |  (64)                =>   (8)                 512       
relu41             |  (8)                 =>   (8)                 0         
dense12            |  (8)                 =>   (64)                512       
sigmoid42          |  (64)                =>   (64)                0         
reshape12          |  (64)                =>   (64, 1, 1)          0         
concat74           |  (64, 1, 1)          =>   (64, 2, 1)          0         
concat75           |  (64, 2, 1)          =>   (64, 2, 2)          0         
concat76           |  (64, 2, 2)          =>   (64, 4, 2)          0         
concat77           |  (64, 4, 2)          =>   (64, 4, 4)          0         
concat78           |  (64, 4, 4)          =>   (64, 8, 4)          0         
concat79           |  (64, 8, 4)          =>   (64, 8, 8)          0         
concat80           |  (64, 8, 8)          =>   (64, 16, 8)         0         
concat81           |  (64, 16, 8)         =>   (64, 16, 16)        0         
concat82           |  (64, 16, 16)        =>   (64, 32, 16)        0         
concat83           |  (64, 32, 16)        =>   (64, 32, 32)        0         
concat84           |  (64, 32, 32)        =>   (64, 64, 32)        0         
concat85           |  (64, 64, 32)        =>   (64, 64, 64)        0         
concat86           |  (64, 64, 64)        =>   (64, 128, 64)       0         
concat87           |  (64, 128, 64)       =>   (64, 128, 128)      0         
mult_7             |  (64, 128, 128)      =>   (64, 128, 128)      0         
maxpool2d16        |  (64, 128, 128)      =>   (64, 64, 64)        0         
conv2d36           |  (64, 64, 64)        =>   (128, 64, 64)       73856     
batchnorm35        |  (128, 64, 64)       =>   (128, 64, 64)       512       
relu43             |  (128, 64, 64)       =>   (128, 64, 64)       0         
conv2d37           |  (128, 64, 64)       =>   (128, 64, 64)       147584    
batchnorm36        |  (128, 64, 64)       =>   (128, 64, 64)       512       
relu44             |  (128, 64, 64)       =>   (128, 64, 64)       0         
GlobalAveragePool2D|  (128, 64, 64)       =>   (128, 1, 1)         0         
reshape13          |  (128, 1, 1)         =>   (128)               0         
dense13            |  (128)               =>   (16)                2048      
relu45             |  (16)                =>   (16)                0         
dense14            |  (16)                =>   (128)               2048      
sigmoid46          |  (128)               =>   (128)               0         
reshape14          |  (128)               =>   (128, 1, 1)         0         
concat88           |  (128, 1, 1)         =>   (128, 2, 1)         0         
concat89           |  (128, 2, 1)         =>   (128, 2, 2)         0         
concat90           |  (128, 2, 2)         =>   (128, 4, 2)         0         
concat91           |  (128, 4, 2)         =>   (128, 4, 4)         0         
concat92           |  (128, 4, 4)         =>   (128, 8, 4)         0         
concat93           |  (128, 8, 4)         =>   (128, 8, 8)         0         
concat94           |  (128, 8, 8)         =>   (128, 16, 8)        0         
concat95           |  (128, 16, 8)        =>   (128, 16, 16)       0         
concat96           |  (128, 16, 16)       =>   (128, 32, 16)       0         
concat97           |  (128, 32, 16)       =>   (128, 32, 32)       0         
concat98           |  (128, 32, 32)       =>   (128, 64, 32)       0         
concat99           |  (128, 64, 32)       =>   (128, 64, 64)       0         
mult_8             |  (128, 64, 64)       =>   (128, 64, 64)       0         
maxpool2d18        |  (128, 64, 64)       =>   (128, 32, 32)       0         
conv2d38           |  (128, 32, 32)       =>   (256, 32, 32)       295168    
batchnorm37        |  (256, 32, 32)       =>   (256, 32, 32)       1024      
relu47             |  (256, 32, 32)       =>   (256, 32, 32)       0         
conv2d39           |  (256, 32, 32)       =>   (256, 32, 32)       590080    
batchnorm38        |  (256, 32, 32)       =>   (256, 32, 32)       1024      
relu48             |  (256, 32, 32)       =>   (256, 32, 32)       0         
GlobalAveragePool2D|  (256, 32, 32)       =>   (256, 1, 1)         0         
reshape15          |  (256, 1, 1)         =>   (256)               0         
dense15            |  (256)               =>   (32)                8192      
relu49             |  (32)                =>   (32)                0         
dense16            |  (32)                =>   (256)               8192      
sigmoid50          |  (256)               =>   (256)               0         
reshape16          |  (256)               =>   (256, 1, 1)         0         
concat100          |  (256, 1, 1)         =>   (256, 2, 1)         0         
concat101          |  (256, 2, 1)         =>   (256, 2, 2)         0         
concat102          |  (256, 2, 2)         =>   (256, 4, 2)         0         
concat103          |  (256, 4, 2)         =>   (256, 4, 4)         0         
concat104          |  (256, 4, 4)         =>   (256, 8, 4)         0         
concat105          |  (256, 8, 4)         =>   (256, 8, 8)         0         
concat106          |  (256, 8, 8)         =>   (256, 16, 8)        0         
concat107          |  (256, 16, 8)        =>   (256, 16, 16)       0         
concat108          |  (256, 16, 16)       =>   (256, 32, 16)       0         
concat109          |  (256, 32, 16)       =>   (256, 32, 32)       0         
mult_9             |  (256, 32, 32)       =>   (256, 32, 32)       0         
maxpool2d20        |  (256, 32, 32)       =>   (256, 16, 16)       0         
avgpool22          |  (256, 16, 16)       =>   (256, 1, 1)         0         
conv2d40           |  (256, 1, 1)         =>   (64, 1, 1)          16448     
batchnorm39        |  (64, 1, 1)          =>   (64, 1, 1)          256       
relu51             |  (64, 1, 1)          =>   (64, 1, 1)          0         
upsampling6        |  (64, 1, 1)          =>   (64, 16, 16)        0         
conv2d41           |  (256, 16, 16)       =>   (64, 16, 16)        16448     
batchnorm40        |  (64, 16, 16)        =>   (64, 16, 16)        256       
relu52             |  (64, 16, 16)        =>   (64, 16, 16)        0         
conv2d42           |  (256, 16, 16)       =>   (64, 16, 16)        147520    
batchnorm41        |  (64, 16, 16)        =>   (64, 16, 16)        256       
relu53             |  (64, 16, 16)        =>   (64, 16, 16)        0         
conv2d43           |  (256, 16, 16)       =>   (64, 16, 16)        147520    
batchnorm42        |  (64, 16, 16)        =>   (64, 16, 16)        256       
relu54             |  (64, 16, 16)        =>   (64, 16, 16)        0         
conv2d44           |  (256, 16, 16)       =>   (64, 16, 16)        147520    
batchnorm43        |  (64, 16, 16)        =>   (64, 16, 16)        256       
relu55             |  (64, 16, 16)        =>   (64, 16, 16)        0         
concat110          |  (64, 16, 16)        =>   (320, 16, 16)       0         
conv2d45           |  (256, 16, 16)       =>   (64, 16, 16)        16448     
batchnorm44        |  (64, 16, 16)        =>   (64, 16, 16)        256       
relu56             |  (64, 16, 16)        =>   (64, 16, 16)        0         
upsampling7        |  (64, 16, 16)        =>   (64, 32, 32)        0         
concat111          |  (64, 32, 32)        =>   (832, 32, 32)       0         
conv2d46           |  (832, 32, 32)       =>   (256, 32, 32)       1917184   
batchnorm45        |  (256, 32, 32)       =>   (256, 32, 32)       1024      
relu57             |  (256, 32, 32)       =>   (256, 32, 32)       0         
conv2d47           |  (256, 32, 32)       =>   (256, 32, 32)       590080    
batchnorm46        |  (256, 32, 32)       =>   (256, 32, 32)       1024      
relu58             |  (256, 32, 32)       =>   (256, 32, 32)       0         
GlobalAveragePool2D|  (256, 32, 32)       =>   (256, 1, 1)         0         
reshape17          |  (256, 1, 1)         =>   (256)               0         
dense17            |  (256)               =>   (32)                8192      
relu59             |  (32)                =>   (32)                0         
dense18            |  (32)                =>   (256)               8192      
sigmoid60          |  (256)               =>   (256)               0         
reshape18          |  (256)               =>   (256, 1, 1)         0         
concat112          |  (256, 1, 1)         =>   (256, 2, 1)         0         
concat113          |  (256, 2, 1)         =>   (256, 2, 2)         0         
concat114          |  (256, 2, 2)         =>   (256, 4, 2)         0         
concat115          |  (256, 4, 2)         =>   (256, 4, 4)         0         
concat116          |  (256, 4, 4)         =>   (256, 8, 4)         0         
concat117          |  (256, 8, 4)         =>   (256, 8, 8)         0         
concat118          |  (256, 8, 8)         =>   (256, 16, 8)        0         
concat119          |  (256, 16, 8)        =>   (256, 16, 16)       0         
concat120          |  (256, 16, 16)       =>   (256, 32, 16)       0         
concat121          |  (256, 32, 16)       =>   (256, 32, 32)       0         
mult_10            |  (256, 32, 32)       =>   (256, 32, 32)       0         
upsampling8        |  (256, 32, 32)       =>   (256, 64, 64)       0         
concat122          |  (256, 64, 64)       =>   (640, 64, 64)       0         
conv2d48           |  (640, 64, 64)       =>   (128, 64, 64)       737408    
batchnorm47        |  (128, 64, 64)       =>   (128, 64, 64)       512       
relu61             |  (128, 64, 64)       =>   (128, 64, 64)       0         
conv2d49           |  (128, 64, 64)       =>   (128, 64, 64)       147584    
batchnorm48        |  (128, 64, 64)       =>   (128, 64, 64)       512       
relu62             |  (128, 64, 64)       =>   (128, 64, 64)       0         
GlobalAveragePool2D|  (128, 64, 64)       =>   (128, 1, 1)         0         
reshape19          |  (128, 1, 1)         =>   (128)               0         
dense19            |  (128)               =>   (16)                2048      
relu63             |  (16)                =>   (16)                0         
dense20            |  (16)                =>   (128)               2048      
sigmoid64          |  (128)               =>   (128)               0         
reshape20          |  (128)               =>   (128, 1, 1)         0         
concat123          |  (128, 1, 1)         =>   (128, 2, 1)         0         
concat124          |  (128, 2, 1)         =>   (128, 2, 2)         0         
concat125          |  (128, 2, 2)         =>   (128, 4, 2)         0         
concat126          |  (128, 4, 2)         =>   (128, 4, 4)         0         
concat127          |  (128, 4, 4)         =>   (128, 8, 4)         0         
concat128          |  (128, 8, 4)         =>   (128, 8, 8)         0         
concat129          |  (128, 8, 8)         =>   (128, 16, 8)        0         
concat130          |  (128, 16, 8)        =>   (128, 16, 16)       0         
concat131          |  (128, 16, 16)       =>   (128, 32, 16)       0         
concat132          |  (128, 32, 16)       =>   (128, 32, 32)       0         
concat133          |  (128, 32, 32)       =>   (128, 64, 32)       0         
concat134          |  (128, 64, 32)       =>   (128, 64, 64)       0         
mult_11            |  (128, 64, 64)       =>   (128, 64, 64)       0         
upsampling9        |  (128, 64, 64)       =>   (128, 128, 128)     0         
concat135          |  (128, 128, 128)     =>   (320, 128, 128)     0         
conv2d50           |  (320, 128, 128)     =>   (64, 128, 128)      184384    
batchnorm49        |  (64, 128, 128)      =>   (64, 128, 128)      256       
relu65             |  (64, 128, 128)      =>   (64, 128, 128)      0         
conv2d51           |  (64, 128, 128)      =>   (64, 128, 128)      36928     
batchnorm50        |  (64, 128, 128)      =>   (64, 128, 128)      256       
relu66             |  (64, 128, 128)      =>   (64, 128, 128)      0         
GlobalAveragePool2D|  (64, 128, 128)      =>   (64, 1, 1)          0         
reshape21          |  (64, 1, 1)          =>   (64)                0         
dense21            |  (64)                =>   (8)                 512       
relu67             |  (8)                 =>   (8)                 0         
dense22            |  (8)                 =>   (64)                512       
sigmoid68          |  (64)                =>   (64)                0         
reshape22          |  (64)                =>   (64, 1, 1)          0         
concat136          |  (64, 1, 1)          =>   (64, 2, 1)          0         
concat137          |  (64, 2, 1)          =>   (64, 2, 2)          0         
concat138          |  (64, 2, 2)          =>   (64, 4, 2)          0         
concat139          |  (64, 4, 2)          =>   (64, 4, 4)          0         
concat140          |  (64, 4, 4)          =>   (64, 8, 4)          0         
concat141          |  (64, 8, 4)          =>   (64, 8, 8)          0         
concat142          |  (64, 8, 8)          =>   (64, 16, 8)         0         
concat143          |  (64, 16, 8)         =>   (64, 16, 16)        0         
concat144          |  (64, 16, 16)        =>   (64, 32, 16)        0         
concat145          |  (64, 32, 16)        =>   (64, 32, 32)        0         
concat146          |  (64, 32, 32)        =>   (64, 64, 32)        0         
concat147          |  (64, 64, 32)        =>   (64, 64, 64)        0         
concat148          |  (64, 64, 64)        =>   (64, 128, 64)       0         
concat149          |  (64, 128, 64)       =>   (64, 128, 128)      0         
mult_12            |  (64, 128, 128)      =>   (64, 128, 128)      0         
upsampling10       |  (64, 128, 128)      =>   (64, 256, 256)      0         
concat150          |  (64, 256, 256)      =>   (160, 256, 256)     0         
conv2d52           |  (160, 256, 256)     =>   (32, 256, 256)      46112     
batchnorm51        |  (32, 256, 256)      =>   (32, 256, 256)      128       
relu69             |  (32, 256, 256)      =>   (32, 256, 256)      0         
conv2d53           |  (32, 256, 256)      =>   (32, 256, 256)      9248      
batchnorm52        |  (32, 256, 256)      =>   (32, 256, 256)      128       
relu70             |  (32, 256, 256)      =>   (32, 256, 256)      0         
GlobalAveragePool2D|  (32, 256, 256)      =>   (32, 1, 1)          0         
reshape23          |  (32, 1, 1)          =>   (32)                0         
dense23            |  (32)                =>   (4)                 128       
relu71             |  (4)                 =>   (4)                 0         
dense24            |  (4)                 =>   (32)                128       
sigmoid72          |  (32)                =>   (32)                0         
reshape24          |  (32)                =>   (32, 1, 1)          0         
concat151          |  (32, 1, 1)          =>   (32, 2, 1)          0         
concat152          |  (32, 2, 1)          =>   (32, 2, 2)          0         
concat153          |  (32, 2, 2)          =>   (32, 4, 2)          0         
concat154          |  (32, 4, 2)          =>   (32, 4, 4)          0         
concat155          |  (32, 4, 4)          =>   (32, 8, 4)          0         
concat156          |  (32, 8, 4)          =>   (32, 8, 8)          0         
concat157          |  (32, 8, 8)          =>   (32, 16, 8)         0         
concat158          |  (32, 16, 8)         =>   (32, 16, 16)        0         
concat159          |  (32, 16, 16)        =>   (32, 32, 16)        0         
concat160          |  (32, 32, 16)        =>   (32, 32, 32)        0         
concat161          |  (32, 32, 32)        =>   (32, 64, 32)        0         
concat162          |  (32, 64, 32)        =>   (32, 64, 64)        0         
concat163          |  (32, 64, 64)        =>   (32, 128, 64)       0         
concat164          |  (32, 128, 64)       =>   (32, 128, 128)      0         
concat165          |  (32, 128, 128)      =>   (32, 256, 128)      0         
concat166          |  (32, 256, 128)      =>   (32, 256, 256)      0         
mult_13            |  (32, 256, 256)      =>   (32, 256, 256)      0         
conv2d54           |  (32, 256, 256)      =>   (1, 256, 256)       33        
sigmoid73          |  (1, 256, 256)       =>   (1, 256, 256)       0         
-------------------------------------------------------------------------------
Params: 29328418

